55.944425,-3.188396,ESE,55.94431019497029,-3.1881188361402466,73.268745,270.9655
55.94431019497029,-3.1881188361402466,WNW,55.944425,-3.188396,73.268745,269.7155
55.944425,-3.188396,W,55.944425,-3.188696,73.268745,268.4655
55.944425,-3.188696,WSW,55.94431019497029,-3.1889731638597536,91.60101,300.19427
55.94431019497029,-3.1889731638597536,WNW,55.944425,-3.189250327719507,91.60101,298.94427
55.944425,-3.189250327719507,N,55.944725000000005,-3.189250327719507,157.46793,383.05746
55.944725000000005,-3.189250327719507,W,55.944725000000005,-3.189550327719507,170.67944,489.2534
55.944725000000005,-3.189550327719507,NNW,55.94500216385976,-3.1896651327492167,293.6527,575.66693
55.94500216385976,-3.1896651327492167,WNW,55.94511696888947,-3.18994229660897,293.6527,574.41693
55.94511696888947,-3.18994229660897,WNW,55.94523177391918,-3.1902194604687235,299.04785,692.44495
55.94523177391918,-3.1902194604687235,NW,55.94544390595354,-3.1904315925030793,338.88614,725.93097
55.94544390595354,-3.1904315925030793,N,55.94574390595354,-3.1904315925030793,338.88614,724.68097
55.94574390595354,-3.1904315925030793,NNE,55.9460210698133,-3.1903167874733698,338.88614,723.43097
55.9460210698133,-3.1903167874733698,ENE,55.94613587484301,-3.1900396236136164,340.3973,744.4551
55.94613587484301,-3.1900396236136164,E,55.94613587484301,-3.189739623613616,340.3973,743.2051
55.94613587484301,-3.189739623613616,ESE,55.9460210698133,-3.1894624597538628,381.3206,791.05743
55.9460210698133,-3.1894624597538628,W,55.9460210698133,-3.189762459753863,381.3206,789.80743
55.9460210698133,-3.189762459753863,W,55.9460210698133,-3.190062459753863,381.3206,788.55743
55.9460210698133,-3.190062459753863,W,55.9460210698133,-3.1903624597538633,381.3206,787.30743
55.9460210698133,-3.1903624597538633,WNW,55.94613587484301,-3.1906396236136167,381.3206,786.05743
55.94613587484301,-3.1906396236136167,W,55.94613587484301,-3.190939623613617,429.3594,883.21497
55.94613587484301,-3.190939623613617,W,55.94613587484301,-3.191239623613617,478.92148,970.58984
55.94613587484301,-3.191239623613617,W,55.94613587484301,-3.1915396236136173,596.69525,981.98224
55.94613587484301,-3.1915396236136173,SSE,55.94585871098325,-3.191424818583908,596.69525,980.73224
55.94585871098325,-3.191424818583908,S,55.94555871098325,-3.191424818583908,596.69525,979.48224
55.94555871098325,-3.191424818583908,SSW,55.945004383263736,-3.191654428643327,596.69525,976.98224
55.945004383263736,-3.191654428643327,SE,55.94479225122938,-3.191442296608971,596.69525,975.73224
55.94479225122938,-3.191442296608971,SSE,55.94451508736962,-3.1913274915792615,596.69525,974.48224
55.94451508736962,-3.1913274915792615,SE,55.94430295533527,-3.1911153595449058,596.69525,973.23224
55.94430295533527,-3.1911153595449058,SSE,55.94402579147551,-3.1910005545151963,596.69525,971.98224
55.94402579147551,-3.1910005545151963,SE,55.943813659441155,-3.1907884224808405,609.3637,1016.4342
55.943813659441155,-3.1907884224808405,ESE,55.943698854411444,-3.190511258621087,672.8112,1109.4487
55.943698854411444,-3.190511258621087,S,55.94339885441144,-3.190511258621087,783.46094,1163.8694
55.94339885441144,-3.190511258621087,ESE,55.94328404938173,-3.1902340947613337,786.8754,1189.0881
55.94328404938173,-3.1902340947613337,NE,55.94349618141609,-3.190021962726978,786.8754,1187.8381
55.94349618141609,-3.190021962726978,NE,55.94370831345044,-3.189809830692622,786.8754,1186.5881
55.94370831345044,-3.189809830692622,NNE,55.9439854773102,-3.1896950256629126,868.1129,1210.9
55.9439854773102,-3.1896950256629126,NE,55.944197609344556,-3.189482893628557,868.1129,1209.65
55.944197609344556,-3.189482893628557,NE,55.94440974137891,-3.189270761594201,868.1129,1208.4
55.94440974137891,-3.189270761594201,N,55.944709741378915,-3.189270761594201,868.1129,1207.15
55.944709741378915,-3.189270761594201,NE,55.94492187341327,-3.1890586295598453,868.1129,1205.9
55.94492187341327,-3.1890586295598453,ENE,55.94503667844298,-3.188781465700092,868.1129,1204.65
55.94503667844298,-3.188781465700092,ENE,55.94515148347269,-3.1885043018403385,868.1129,1203.4
55.94515148347269,-3.1885043018403385,ENE,55.9452662885024,-3.188227137980585,963.37854,1212.9697
55.9452662885024,-3.188227137980585,E,55.9452662885024,-3.187927137980585,963.37854,1211.7197
55.9452662885024,-3.187927137980585,ENE,55.94538109353211,-3.1876499741208315,963.37854,1210.4697
55.94538109353211,-3.1876499741208315,E,55.94538109353211,-3.1873499741208313,963.37854,1209.2197
55.94538109353211,-3.1873499741208313,ENE,55.94549589856182,-3.187072810261078,994.8457,1249.5986
55.94549589856182,-3.187072810261078,SE,55.94528376652747,-3.186860678226722,994.8457,1248.3486
55.94528376652747,-3.186860678226722,SE,55.94507163449311,-3.1866485461923664,994.8457,1247.0986
55.94507163449311,-3.1866485461923664,SE,55.9446473704244,-3.186224282123655,994.8457,1244.5986
55.9446473704244,-3.186224282123655,SSW,55.94437020656464,-3.1863390871533643,994.8457,1243.3486
55.94437020656464,-3.1863390871533643,SSW,55.944093042704885,-3.186453892183074,1012.9297,1277.33
55.944093042704885,-3.186453892183074,SSW,55.94381587884513,-3.1865686972127834,1012.9297,1276.08
55.94381587884513,-3.1865686972127834,SSW,55.94353871498537,-3.186683502242493,1012.9297,1274.83
55.94353871498537,-3.186683502242493,SW,55.943326582951016,-3.1868956342768486,1065.6534,1342.6929
55.943326582951016,-3.1868956342768486,SE,55.94311445091666,-3.186683502242493,1065.6534,1341.4429
55.94311445091666,-3.186683502242493,SSE,55.9428372870569,-3.1865686972127834,1087.4691,1382.1492
55.9428372870569,-3.1865686972127834,NE,55.94304941909126,-3.1863565651784276,1087.4691,1380.8992
55.94304941909126,-3.1863565651784276,NE,55.943261551125616,-3.186144433144072,1087.4691,1379.6492
55.943261551125616,-3.186144433144072,NE,55.94347368315997,-3.185932301109716,1087.4691,1378.3992
55.94347368315997,-3.185932301109716,ENE,55.94358848818968,-3.1856551372499626,1145.6729,1439.0817
55.94358848818968,-3.1856551372499626,ENE,55.94370329321939,-3.1853779733902092,1145.6729,1437.8317
55.94370329321939,-3.1853779733902092,ENE,55.9438180982491,-3.185100809530456,1145.6729,1436.5817
55.9438180982491,-3.185100809530456,ENE,55.943932903278814,-3.1848236456707024,1145.6729,1435.3317
55.943932903278814,-3.1848236456707024,ENE,55.944047708308524,-3.184546481810949,1235.9636,1555.0887
55.944047708308524,-3.184546481810949,NW,55.94425984034288,-3.184758613845305,1235.9636,1553.8387
55.94425984034288,-3.184758613845305,NNW,55.94453700420264,-3.1848734188750143,1235.9636,1552.5887
55.94453700420264,-3.1848734188750143,NW,55.94474913623699,-3.18508555090937,1321.544,1606.8416
55.94474913623699,-3.18508555090937,N,55.945049136236996,-3.18508555090937,1321.544,1605.5916
55.945049136236996,-3.18508555090937,N,55.945349136237,-3.18508555090937,1339.6978,1698.2312
55.945349136237,-3.18508555090937,N,55.945649136237,-3.18508555090937,1398.2766,1727.0856
55.945649136237,-3.18508555090937,NE,55.94586126827136,-3.1848734188750143,1519.6785,1748.3704
55.94586126827136,-3.1848734188750143,NW,55.946073400305714,-3.18508555090937,1620.9844,1778.7866
55.946073400305714,-3.18508555090937,SE,55.94586126827136,-3.1848734188750143,1620.9844,1777.5366
55.94586126827136,-3.1848734188750143,SSE,55.945371972377245,-3.184546481810949,1620.9844,1775.0366
55.945371972377245,-3.184546481810949,WSW,55.945257167347535,-3.1848236456707024,1620.9844,1773.7866
55.945257167347535,-3.1848236456707024,WSW,55.945142362317824,-3.185100809530456,1620.9844,1772.5366
55.945142362317824,-3.185100809530456,WSW,55.945027557288114,-3.1853779733902092,1620.9844,1771.2866
55.945027557288114,-3.1853779733902092,WSW,55.9449127522584,-3.1856551372499626,1620.9844,1770.0366
55.9449127522584,-3.1856551372499626,WSW,55.94479794722869,-3.185932301109716,1620.9844,1768.7866
55.94479794722869,-3.185932301109716,WSW,55.94468314219898,-3.1862094649694694,1620.9844,1767.5366
55.94468314219898,-3.1862094649694694,WSW,55.94456833716927,-3.186486628829223,1620.9844,1766.2866
55.94456833716927,-3.186486628829223,W,55.94456833716927,-3.186786628829223,1620.9844,1765.0366
55.94456833716927,-3.186786628829223,WSW,55.94445353213956,-3.1870637926889764,1620.9844,1763.7866
55.94445353213956,-3.1870637926889764,W,55.94445353213956,-3.1873637926889766,1620.9844,1762.5366
55.94445353213956,-3.1873637926889766,WSW,55.94433872710985,-3.18764095654873,1620.9844,1761.2866
55.94433872710985,-3.18764095654873,W,55.94433872710985,-3.18794095654873,1620.9844,1760.0366
55.94433872710985,-3.18794095654873,WSW,55.94422392208014,-3.1882181204084836,1620.9844,1758.7866
55.94422392208014,-3.1882181204084836,W,55.94422392208014,-3.188518120408484,1620.9844,1757.5366
55.94422392208014,-3.188518120408484,WSW,55.94410911705043,-3.188795284268237,1620.9844,1756.2866
55.94410911705043,-3.188795284268237,W,55.94410911705043,-3.1890952842682374,1620.9844,1755.0366
55.94410911705043,-3.1890952842682374,WSW,55.94399431202072,-3.189372448127991,1620.9844,1753.7866
55.94399431202072,-3.189372448127991,W,55.94399431202072,-3.189672448127991,1620.9844,1752.5366
55.94399431202072,-3.189672448127991,WSW,55.94387950699101,-3.1899496119877444,1620.9844,1751.2866
55.94387950699101,-3.1899496119877444,W,55.94387950699101,-3.1902496119877446,1620.9844,1750.0366
55.94387950699101,-3.1902496119877446,WSW,55.9437647019613,-3.190526775847498,1620.9844,1748.7866
55.9437647019613,-3.190526775847498,W,55.9437647019613,-3.190826775847498,1620.9844,1747.5366
55.9437647019613,-3.190826775847498,WSW,55.94364989693159,-3.1911039397072516,1620.9844,1746.2866
55.94364989693159,-3.1911039397072516,W,55.94364989693159,-3.191403939707252,1620.9844,1745.0366
55.94364989693159,-3.191403939707252,W,55.94353509190188,-3.1919811035670054,1643.7736,1861.1389
55.94353509190188,-3.1919811035670054,WNW,55.94364989693159,-3.1922582674267588,1644.3955,1925.6964
55.94364989693159,-3.1922582674267588,S,55.943349896931586,-3.1922582674267588,1644.3955,1924.4464
55.943349896931586,-3.1922582674267588,SSW,55.94307273307183,-3.1923730724564683,1701.1168,2003.003
