55.944425,-3.188396,SSE,55.944147836140246,-3.1882811949702905,0.0,248.75
55.944147836140246,-3.1882811949702905,S,55.94384783614024,-3.1882811949702905,0.0,247.5
55.94384783614024,-3.1882811949702905,S,55.94354783614024,-3.1882811949702905,104.51014,338.5013
55.94354783614024,-3.1882811949702905,E,55.94354783614024,-3.1879811949702903,168.52856,382.8663
55.94354783614024,-3.1879811949702903,ESE,55.94343303111053,-3.187704031110537,220.01628,408.19925
55.94343303111053,-3.187704031110537,S,55.94313303111053,-3.187704031110537,220.01628,406.94925
55.94313303111053,-3.187704031110537,SE,55.94292089907617,-3.187491899076181,282.25967,415.6307
55.94292089907617,-3.187491899076181,N,55.943220899076174,-3.187491899076181,282.25967,414.3807
55.943220899076174,-3.187491899076181,N,55.94352089907618,-3.187491899076181,346.80753,494.61832
55.94352089907618,-3.187491899076181,ENE,55.94363570410589,-3.1872147352164277,346.80753,493.36832
55.94363570410589,-3.1872147352164277,NNE,55.94391286796564,-3.187099930186718,346.80753,492.11832
55.94391286796564,-3.187099930186718,ENE,55.944027672995354,-3.186822766326965,346.80753,490.86832
55.944027672995354,-3.186822766326965,E,55.944027672995354,-3.1865227663269646,469.43262,557.08026
55.944027672995354,-3.1865227663269646,E,55.944027672995354,-3.1862227663269644,513.9029,605.7232
55.944027672995354,-3.1862227663269644,SE,55.943815540961,-3.1860106342926087,569.2966,655.6
55.943815540961,-3.1860106342926087,SE,55.94360340892664,-3.185798502258253,569.2966,654.35
55.94360340892664,-3.185798502258253,SSE,55.943326245066885,-3.1856836972285434,569.2966,653.1
55.943326245066885,-3.1856836972285434,SE,55.94311411303253,-3.1854715651941876,633.2888,718.4442
55.94311411303253,-3.1854715651941876,SSE,55.94283694917277,-3.185356760164478,720.89453,729.6854
55.94283694917277,-3.185356760164478,SW,55.942624817138416,-3.185568892198834,821.6423,845.5823
55.942624817138416,-3.185568892198834,NNE,55.94290198099817,-3.1854540871691244,821.6423,844.3323
55.94290198099817,-3.1854540871691244,NNE,55.94317914485793,-3.185339282139415,821.6423,843.0823
55.94317914485793,-3.185339282139415,ENE,55.94329394988764,-3.1850621182796615,821.6423,841.8323
55.94329394988764,-3.1850621182796615,NNE,55.943571113747396,-3.184947313249952,821.6423,840.5823
55.943571113747396,-3.184947313249952,N,55.9438711137474,-3.184947313249952,821.6423,839.3323
55.9438711137474,-3.184947313249952,N,55.94444827760716,-3.1850621182796615,821.6423,836.8323
55.94444827760716,-3.1850621182796615,NE,55.944660409641514,-3.1848499862453057,860.0931,873.27856
55.944660409641514,-3.1848499862453057,ESE,55.944545604611804,-3.1845728223855523,870.08264,906.82104
55.944545604611804,-3.1845728223855523,WNW,55.944660409641514,-3.1848499862453057,870.08264,905.57104
55.944660409641514,-3.1848499862453057,WNW,55.944775214671225,-3.185127150105059,870.08264,904.32104
55.944775214671225,-3.185127150105059,WNW,55.944890019700935,-3.1854043139648125,870.08264,903.07104
55.944890019700935,-3.1854043139648125,NW,55.94510215173529,-3.1856164459991683,870.08264,901.82104
55.94510215173529,-3.1856164459991683,WNW,55.945216956765,-3.1858936098589217,870.08264,900.57104
55.945216956765,-3.1858936098589217,WNW,55.94533176179471,-3.186170773718675,870.08264,899.32104
55.94533176179471,-3.186170773718675,WNW,55.94544656682442,-3.1864479375784285,870.08264,898.07104
55.94544656682442,-3.1864479375784285,NW,55.94565869885878,-3.1866600696127843,940.0814,949.2495
55.94565869885878,-3.1866600696127843,W,55.94565869885878,-3.1869600696127844,940.0814,947.9995
55.94565869885878,-3.1869600696127844,W,55.94565869885878,-3.1872600696127846,940.0814,946.7495
55.94565869885878,-3.1872600696127846,WSW,55.94554389382907,-3.187537233472538,940.0814,945.4995
55.94554389382907,-3.187537233472538,W,55.94554389382907,-3.1878372334725382,940.0814,944.2495
55.94554389382907,-3.1878372334725382,WSW,55.94542908879936,-3.1881143973322916,940.0814,942.9995
55.94542908879936,-3.1881143973322916,W,55.94542908879936,-3.188414397332292,940.0814,941.7495
55.94542908879936,-3.188414397332292,WSW,55.94531428376965,-3.188691561192045,940.0814,940.4995
55.94531428376965,-3.188691561192045,WNW,55.94542908879936,-3.1889687250517986,992.00916,987.57886
55.94542908879936,-3.1889687250517986,WNW,55.94554389382907,-3.189245888911552,992.00916,986.32886
55.94554389382907,-3.189245888911552,WNW,55.94565869885878,-3.1895230527713054,1050.7397,1047.0345
55.94565869885878,-3.1895230527713054,S,55.945358698858776,-3.1895230527713054,1050.7397,1045.7845
55.945358698858776,-3.1895230527713054,S,55.94505869885877,-3.1895230527713054,1050.7397,1044.5345
55.94505869885877,-3.1895230527713054,SSE,55.94478153499902,-3.189408247741596,1093.2834,1135.5104
55.94478153499902,-3.189408247741596,WNW,55.94489634002873,-3.1896854116013493,1093.2834,1134.2604
55.94489634002873,-3.1896854116013493,S,55.94438420799437,-3.189897543635705,1204.7804,1188.1451
55.94438420799437,-3.189897543635705,NW,55.944596340028724,-3.190109675670061,1204.7804,1186.8951
55.944596340028724,-3.190109675670061,WNW,55.944711145058434,-3.1903868395298143,1275.6101,1186.5753
55.944711145058434,-3.1903868395298143,SSW,55.94443398119868,-3.190501644559524,1275.6101,1185.3253
55.94443398119868,-3.190501644559524,SW,55.94422184916432,-3.1907137765938796,1316.5958,1199.8905
55.94422184916432,-3.1907137765938796,NNW,55.94449901302408,-3.190828581623589,1316.5958,1198.6405
55.94449901302408,-3.190828581623589,NW,55.944711145058434,-3.191040713657945,1354.2222,1208.5436
55.944711145058434,-3.191040713657945,NW,55.94492327709279,-3.1912528456923006,1354.2222,1207.2936
55.94492327709279,-3.1912528456923006,WNW,55.9450380821225,-3.191530009552054,1399.3093,1274.6235
55.9450380821225,-3.191530009552054,WSW,55.94492327709279,-3.1918071734118074,1399.3093,1273.3735
55.94492327709279,-3.1918071734118074,WSW,55.94480847206308,-3.192084337271561,1507.9905,1305.5768
55.94480847206308,-3.192084337271561,SSE,55.944531308203324,-3.1919695322418513,1507.9905,1304.3268
55.944531308203324,-3.1919695322418513,S,55.94423130820332,-3.1919695322418513,1507.9905,1303.0768
55.94423130820332,-3.1919695322418513,SE,55.944019176168965,-3.1917574002074955,1629.6404,1334.4857
55.944019176168965,-3.1917574002074955,E,55.944019176168965,-3.1914574002074954,1629.6404,1333.2357
55.944019176168965,-3.1914574002074954,ESE,55.943904371139254,-3.191180236347742,1629.6404,1331.9857
55.943904371139254,-3.191180236347742,SE,55.9436922391049,-3.190968104313386,1629.6404,1330.7357
55.9436922391049,-3.190968104313386,ESE,55.94357743407519,-3.1906909404536328,1629.6404,1329.4857
55.94357743407519,-3.1906909404536328,SE,55.94336530204083,-3.190478808419277,1629.6404,1328.2357
55.94336530204083,-3.190478808419277,ESE,55.94325049701112,-3.1902016445595236,1739.7104,1351.5995
55.94325049701112,-3.1902016445595236,SE,55.943038364976765,-3.189989512525168,1811.6799,1387.9326
55.943038364976765,-3.189989512525168,NE,55.94325049701112,-3.189777380490812,1813.6688,1441.8412
55.94325049701112,-3.189777380490812,NNW,55.94352766087088,-3.1898921855205216,1876.2896,1468.1162
55.94352766087088,-3.1898921855205216,SE,55.94331552883652,-3.189680053486166,1876.2896,1466.8662
55.94331552883652,-3.189680053486166,SE,55.943103396802165,-3.18946792145181,1876.2896,1465.6162
55.943103396802165,-3.18946792145181,SW,55.94267913273345,-3.18946792145181,1942.5,1530.12
55.94267913273345,-3.18946792145181,NW,55.94289126476781,-3.189680053486166,1942.5,1528.87
55.94289126476781,-3.189680053486166,NW,55.943103396802165,-3.1898921855205216,1942.5,1527.62
55.943103396802165,-3.1898921855205216,NW,55.94331552883652,-3.1901043175548773,1942.5,1526.37
55.94331552883652,-3.1901043175548773,NW,55.94352766087088,-3.190316449589233,1942.5,1525.12
55.94352766087088,-3.190316449589233,NNW,55.943804824730634,-3.1904312546189426,1942.5,1523.87
55.943804824730634,-3.1904312546189426,NNW,55.94408198859039,-3.190546059648652,1942.5,1522.62
55.94408198859039,-3.190546059648652,NW,55.94429412062475,-3.190758191683008,1942.5,1521.37
55.94429412062475,-3.190758191683008,NNW,55.9445712844845,-3.1908729967127174,1942.5,1520.12
55.9445712844845,-3.1908729967127174,NW,55.94478341651886,-3.191085128747073,1942.5,1518.87
55.94478341651886,-3.191085128747073,NNW,55.945060580378616,-3.1911999337767827,1942.5,1517.62
55.945060580378616,-3.1911999337767827,NW,55.94527271241297,-3.1914120658111385,1942.5,1516.37
55.94527271241297,-3.1914120658111385,NNW,55.94554987627273,-3.191526870840848,1942.5,1515.12
55.94554987627273,-3.191526870840848,NW,55.945762008307085,-3.1917390028752037,1942.5,1513.87
55.945762008307085,-3.1917390028752037,NNW,55.94603917216684,-3.1918538079049132,1975.2197,1527.4817
55.94603917216684,-3.1918538079049132,WNW,55.94615397719655,-3.1921309717646666,2042.188,1584.6716
